100110100000000110101101
001000011001111010110101
100111001111011010100001
010111101111011011110001
101000101001110001011010
001010000100110010011110
111101110101001000011000
001010011100111100010000
010110111111111110101101
010111000010110111111011
100010111011100000100000
101101100001000110011100
000011100110010001010001
111000010101110001110000
010111000001010111110001
011100110101010000011011
00100111_11000011_10110111
01101011_10101111_00111111
11000001_10000000_01011110
10110001_10101111_00110101
10001010_01110010_10001011
00111010_10110111_01100100
01110001_01011001_11011010
10001100_01001111_01000101
10110110_10001011_00111000
00110011_11100111_01111110
10010110_01010001_01111101
00111000_10110011_11000001
01000010_10001110_01010111
01110010_10000101_11000000
00100100_11101000_10001000
01010001_01101010_10010111
001010000100110000011010
100110100111111110011110
010111100111111110100001
010111100111111110000011
001010000010110110011110
100010111001110010100001
010111101001111010011110
100010111011000010000011
001010000100110001011010
010111000101110001110000
011100110101001001110000
011110010101010010000000
010001000010111001100101
010111000110010001110000
011100110100100010011100
100010110101010010100010
001000100110101100001000
100010110101010010100010
111111111000100000100000
100010110101010010100010
101000100000000001111000
100010110101010010100010
010101010000000000000000
100010110101010010100010
000000000010001001101011
100010110101010010100010
101111110111110111100110
100010110101010010100010
000000001110101011110111
100010110101010010100010
111111111100000011111111
100010110101010010100010
010010010000000000001000
100010110101010010100010
101010101111111000000000
100010110101010010100010
010011000010000010011110
100010110101010010100010
100010001111111100001101
100010110101010010100010
011010110100001001101011
100010110101010010100010
000000001011010111001010
100010110101010010100010
011110011101111110000000
100010110101010010100010
111000111010010111111111
100010110101010010100010
101000101001110001011010
001010000100110010011110
111101110101001000011000
001010011100111100010000
010110111111111110101101
010111000010110111111011
100010111011100000100000
101101100001000110011100
000011100110010001010001
111000010101110001110000
010111000001010111110001
011100110101010000011011
110000111111010001100101
010001000010111010110011
000000001100001100110111
101001100100100010100110
101000101001110001011010
111101110101001000011000
000011100110010001010001
010111000001010111110001
10001010_01110010_10001011
01110001_01011001_11011010
01000010_10001110_01010111
00100100_11101000_10001000
101000101001110001011010
101000101001110001011010
101000101001110001011010
111101110101001000011000
000011100110010001010001
010111000001010111110001
100000101011011100001110
010100000011100110111110
101000101001110001011010
111101110101001000011000
10010011_01001001_01111011
00111000_11000111_01111011
10001010_01110010_10001011
01110001_01011001_11011010
010100000011100110111110
001101000111111100000110
111101110101001000011000
011110011011000010000000
010100000011100110111110
001101000111111100000110
111101110101001000011000
011110011011000010000000
100000101011011100001110
010100000011100110111110
101000101001110001011010
111101110101001000011000
100000101011011100001110
000000000000000000000011
100010110101010010100010
100000101011011100001110
10010011_01001001_01111011
000011100110010001010001
000011100110010001010001
010111000001010111110001
011111011111101010001001
111111001111001100111100
000011100110010001010001
010111000001010111110001
011111011111101010001001
111111001111001100111100
000011100110010001010001
111000010101110001110000
010111000001010111110001
011100110101010000011011
110000111111010001100101
010001000010111010110011
000000001100001100110111
101001100100100010100110
011111011111101010001001
010011111001001010010110
111111001111001100111100
000010000100000010011001
010011101101100100011000
001000110111010110001000
001010110010000000001101
101010101101101100100011
000011100110010001010001
111000010101110001110000
010111000001010111110001
011100110101010000011011
110000111111010001100101
010001000010111010110011
000000001100001100110111
101001100100100010100110
011111011111101010001001
010011111001001010010110
111111001111001100111100
000010000100000010011001
010011101101100100011000
001000110111010110001000
001010110010000000001101
101010101101101100100011
111000010101110001110000
010111000001010111110001
011100110101010000011011
010001000011100010100010
010001000010111010110011
000000001100001100110111
101001100100100010100110
110000001101101111011101
010011111001001010010110
111111001111001100111100
000010000100000010011001
100100001010110010010111
001000110111010110001000
001010110010000000001101
101010101101101100100011
110011111111100100011001
010111000110010001110000
011100110100100010011100
100010110101010010100010
100001111000111110100010
010111001001001001110000
010111000101010010010110
011100110101010010011001
011100111010110010011001
010011101100001101100101
010001000111010110001000
101001101100001100111100
100100001101101110010111
011100001000011010001000
010011111000001010001000
100100001010110001011011
010001001010110010010111
010111000010110111111011
100010111011100000100000
101101100001000110011100
101110101000111111111000
111000010101110001110000
010111000001010111110001
011100110101010000011011
010001000011100010100010
010001000010111010110011
000000001100001100110111
101001100100100010100110
110000001101101111011101
010011111001001010010110
111111001111001100111100
000010000100000010011001
100100001010110010010111
101010101111111000000000
010001001010110010010111
010011000010000010011110
010001001010110010010111
100010001111111100001101
010001001010110010010111
001000001110100100000000
010001001010110010010111
000000001011010111001010
010001001010110010010111
011110011101111110000000
010001001010110010010111
111000111010010111111111
010001001010110010010111
111111110111111101100110
010001001010110010010111
011101111101111100100000
010001001010110010010111
111111110000001011011111
010001001010110010010111
000011000101110110001000
010001001010110010010111
000000000010100100000000
010001001010110010010111
100110001011110001000000
010001001010110010010111
000000000000000010111100
010001001010110010010111
011111111111101101100000
010001001010110010010111
110001100110111011011000
010001001010110010010111
010110111111111110101101
010111000010110111111011
100010111011100000100000
101101100001000110011100
000011100110010001010001
111000010101110001110000
010111000001010111110001
011100110101010000011011
110000111111010001100101
010001000010111010110011
000000001100001100110111
101001100100100010100110
011111011111101010001001
010011111001001010010110
111111001111001100111100
000010000100000010011001
010110111111111110101101
010111000010110111111011
100010111011100000100000
101101100001000110011100
000011100110010001010001
111000010101110001110000
010111000001010111110001
011100110101010000011011
110000111111010001100101
010001000010111010110011
000000001100001100110111
101001100100100010100110
011111011111101010001001
010011111001001010010110
111111001111001100111100
000010000100000010011001
000011100110010001010001
111000010101110001110000
010111000001010111110001
011100110101010000011011
110000111111010001100101
010001000010111010110011
000000001100001100110111
101001100100100010100110
011111011111101010001001
010011111001001010010110
111111001111001100111100
000010000100000010011001
010011101101100100011000
001000110111010110001000
001010110010000000001101
101010101101101100100011
010001000010111001100101
010111000110010001110000
011100110100100010011100
100010110101010010100010
010001000101110001100101
010111001001001001110000
010111000101010010010110
011100110101010010011001
010001000111010101100101
010011101100001101100101
010001000111010110001000
101001101100001100111100
010011100111010100100000
011100001000011010001000
010011111000001010001000
100100001010110001011011
01000010_10001110_01010111
01110010_10000101_11000000
00100100_11101000_10001000
01010001_01101010_10010111
11001001_01011101_01111001
00101110_11000110_01111010
01111010_01101011_00110000
01010111_10101100_10100011
10111100_01110110_01010000
01101111_10011101_01011110
11010111_01000010_10011011
00101010_10111100_01011001
10011011_01001100_01010011
01010010_10100010_01010101
00011111_01111001_10001000
10110011_01000110_01111111
110000111111010001100101
010001000010111010110011
000000001100001100110111
101001100100100010100110
011111011111101010001001
010011111001001010010110
111111001111001100111100
000010000100000010011001
010011101101100100011000
001000110111010110001000
001010110010000000001101
101010101101101100100011
100101100100110110010100
011100001000011000100000
011110001000001010010001
010001000111100010111110
010001000101110001100101
010111001001001001110000
010111000101010010010110
011100110101010010011001
010001000111010101100101
010011101100001101100101
010001000111010110001000
101001101100001100111100
010011100111010100100000
011100001000011010001000
010011111000001010001000
100100001010110001011011
010001010111010100011000
011011101000001010001000
011011100111100000100011
011011100111100001011011
110000111111010001100101
010001000010111010110011
000000001100001100110111
101001100100100010100110
011111011111101010001001
010011111001001010010110
111111001111001100111100
000010000100000010011001
010011101101100100011000
001000110111010110001000
001010110010000000001101
101010101101101100100011
100101100100110110010100
011100001000011000100000
011110001000001010010001
010001000111100010111110
010001000010111010110011
000000001100001100110111
101001100100100010100110
110000001101101111011101
010011111001001010010110
111111001111001100111100
000010000100000010011001
100100001010110010010111
001000110111010110001000
001010110010000000001101
101010101101101100100011
110011111111100100011001
011100001000011000100000
011110001000001010010001
010001000111100010111110
111010001100011101011011
010011111001001010010110
111111001111001100111100
000010000100000010011001
100100001010110010010111
001000110111010110001000
001010110010000000001101
101010101101101100100011
110011111111100100011001
011100001000011000100000
011110001000001010010001
010001000111100010111110
111010001100011101011011
110111011011100100010010
011011100101110011001010
001000000011000100010010
000100000101111101100111
010001000010111010110011
000000001100001100110111
101001100100100010100110
110000001101101111011101
010011111001001010010110
111111001111001100111100
000010000100000010011001
100100001010110010010111
001000110111010110001000
001010110010000000001101
101010101101101100100011
110011111111100100011001
011100001000011000100000
011110001000001010010001
010001000111100010111110
111010001100011101011011
110000111111010001100101
010001000010111010110011
000000001100001100110111
101001100100100010100110
011111011111101010001001
010011111001001010010110
111111001111001100111100
000010000100000010011001
010011101101100100011000
001000110111010110001000
001010110010000000001101
101010101101101100100011
100101100100110110010100
011100001000011000100000
011110001000001010010001
010001000111100010111110
110000111111010001100101
010001000010111010110011
000000001100001100110111
101001100100100010100110
011111011111101010001001
010011111001001010010110
111111001111001100111100
000010000100000010011001
010011101101100100011000
001000110111010110001000
001010110010000000001101
101010101101101100100011
100101100100110110010100
011100001000011000100000
011110001000001010010001
010001000111100010111110
110000111111010001100101
010001000010111010110011
000000001100001100110111
101001100100100010100110
011111011111101010001001
010011111001001010010110
111111001111001100111100
000010000100000010011001
010011101101100100011000
001000110111010110001000
001010110010000000001101
101010101101101100100011
100101100100110110010100
011100001000011000100000
011110001000001010010001
010001000111100010111110
000011100110010001010001
111000010101110001110000
010111000001010111110001
011100110101010000011011
110000111111010001100101
010001000010111010110011
000000001100001100110111
101001100100100010100110
011111011111101010001001
010011111001001010010110
111111001111001100111100
000010000100000010011001
010011101101100100011000
001000110111010110001000
001010110010000000001101
101010101101101100100011
000011100110010001010001
111000010101110001110000
010111000001010111110001
011100110101010000011011
110000111111010001100101
010001000010111010110011
000000001100001100110111
101001100100100010100110
011111011111101010001001
010011111001001010010110
111111001111001100111100
000010000100000010011001
010011101101100100011000
001000110111010110001000
001010110010000000001101
101010101101101100100011
000011100110010001010001
111000010101110001110000
010111000001010111110001
011100110101010000011011
110000111111010001100101
010001000010111010110011
000000001100001100110111
101001100100100010100110
011111011111101010001001
010011111001001010010110
111111001111001100111100
000010000100000010011001
010011101101100100011000
001000110111010110001000
001010110010000000001101
101010101101101100100011
010001000010111001100101
010111000110010001110000
011100110100100010011100
100010110101010010100010
010001000101110001100101
010111001001001001110000
010111000101010010010110
011100110101010010011001
010001000111010101100101
010011101100001101100101
010001000111010110001000
101001101100001100111100
010011100111010100100000
011100001000011010001000
010011111000001010001000
100100001010110001011011
000011100110010001010001
111000010101110001110000
010111000001010111110001
011100110101010000011011
110000111111010001100101
010001000010111010110011
000000001100001100110111
101001100100100010100110
011111011111101010001001
010011111001001010010110
111111001111001100111100
000010000100000010011001
010011101101100100011000
001000110111010110001000
001010110010000000001101
101010101101101100100011
010110111111111110101101
010111000010110111111011
100010111011100000100000
101101100001000110011100
000011100110010001010001
111000010101110001110000
010111000001010111110001
011100110101010000011011
110000111111010001100101
010001000010111010110011
000000001100001100110111
101001100100100010100110
011111011111101010001001
010011111001001010010110
111111001111001100111100
000010000100000010011001
010010010000000000001000
100100001010110001011011
101010101111111000000000
100100001010110001011011
010011000010000010011110
100100001010110001011011
100010001111111100001101
100100001010110001011011
011010110100001001101011
100100001010110001011011
000000001011010111001010
100100001010110001011011
011110011101111110000000
100100001010110001011011
111000111010010111111111
100100001010110001011011
001000000000001000101011
100100001010110001011011
011101111101111100100000
100100001010110001011011
111111110000001011011111
100100001010110001011011
000011000101110110001000
100100001010110001011011
010000000000000000101000
100100001010110001011011
100110001011110001000000
100100001010110001011011
000000000000000010111100
100100001010110001011011
011111111111101101100000
100100001010110001011011
010110111111111110101101
010111000010110111111011
100010111011100000100000
101101100001000110011100
000011100110010001010001
111000010101110001110000
010111000001010111110001
011100110101010000011011
110000111111010001100101
010001000010111010110011
000000001100001100110111
101001100100100010100110
011111011111101010001001
010011111001001010010110
111111001111001100111100
000010000100000010011001
