11111110
11000011
00001001
00100111
10010000
01011110
01011110
11001111
00011011
11001001
00000001
11111011
11110110
11100010
10101011
00100001
00010010
10010010
10000010
00010000
00011001
11110000
01001010
00010001
11000100
00011000
00110111
01000100
10101010
11110110
00100000
01000100
11111111
00010001
11000100
00111010
10001001
10000001
00110000
11000011
01110010
01011100
01100010
01001011
11111101
11100000
00010100
00000010
01000101
11100111
01001110
01010010
11101001
01000001
01011010
00100011
00011000
00010111
00111111
11001001
01110000
11111101
10101110
11100010
10010001
01110101
01011110
00010111
11011000
01001010
10101000
01001010
01101100
11010000
00111000
00100010
11100000
11011010
11101010
11000100
10101000
01100011
01101111
01101101
11110010
01101111
11000100
10111011
11100010
00001110
11011101
10011111
00111001
00110000
01011111
01111001
10010101
01101110
00000101
10011011
00011100
00011111
11100000
01010110
10100110
01011010
01000101
10111110
11000001
00110100
00001011
11100010
10111011
11111110
11011000
11000001
01011000
00010110
11001010
10100101
11100011
11100110
00001101
11011010
01111101
00000010
10001011
10001010
11101011
10111110
11011101
00011100
10111111
01001110
01011101
11001011
10110110
10110001
00010111
01101100
11101000
11001111
01110110
01110100
01101000
00101111
11001100
10111001
00001000
11010001
00010100
11101000
01010001
11010111
11010001
00100001
01100110
10010101
10101000
11011001
10111110
00000001
10000111
01011100
00011110
10101000
01001011
00011101
01101011
11000001
01111111
00010000
00001111
00101000
01011100
00100100
01101110
10001111
00000100
11001011
00110100
01000100
10111000
11111011
11001110
01111000
11100011
00001001
10001101
00010001
00110111
11101101
00011000
00101011
00100101
11111000
11000001
10100111
00100100
00001100
10001011
10110101
10011111
01100110
00001111
11000110
10111011
01111010
10011110
00111111
11011001
01010010
01010011
10001010
01011000
01101110
10011011
01010110
01011101
00110110
10111101
00101001
00010101
00001000
01110100
01011010
01011111
11001010
01110011
10011110
01001111
11110100
10100111
10000010
00000010
10101100
01110100
00111100
01100100
11001100
00011001
10000111
01110100
11100001
01111011
10100100
00111101
11011101
00010100
01001001
11100000
10110111
00100101
10110001
00010001
11000111
