0000
0101
1000
1000
0101
0110
1000
0111
1001
1000
0100
1000
0100
1101
0111
0110
1000
0101
0101
1001
0111
1000
1101
1000
0111
0111
1001
1101
0101
0101
1001
0101
1101
1000
0111
1001
0100
1001
1101
0100
0101
1101
1000
0100
0110
1101
0100
1101
1101
0110
0111
1000
1001
0111
1001
1101
0111
0111
1001
1101
1000
0111
0101
0110
0100
0100
0101
0111
0101
0110
1001
0111
1101
1001
1101
0110
0111
1000
1101
0111
1000
0110
1000
1000
0111
1000
0101
0110
1001
0100
1101
0110
1000
1001
1001
0101
1001
1101
0110
1000
1000
1000
0100
1001
1001
0101
1001
1101
1000
0110
0110
0100
0100
0111
1101
1001
0111
0100
0110
1101
0100
0111
0101
0100
0110
0111
1101
0111
1101
0100
0100
1000
1000
1101
0100
0111
1001
1000
0110
1000
0110
1000
0101
0100
0110
0100
0100
0100
1000
1000
0100
0101
0111
0110
1000
0110
0101
1001
0100
1101
0110
0110
0110
0101
1101
0111
0111
0111
1101
1000
0111
1001
1101
1000
1001
1000
0100
1000
1101
1000
0110
0111
1001
1001
1001
0101
0110
0111
0110
1000
0110
1000
0110
0100
1101
0111
1000
0110
0100
0111
1000
1000
1001
0101
0100
1001
1001
0110
0111
0110
1001
0110
1000
1001
0110
1001
0111
0100
1000
0100
1001
0100
0110
0110
1001
0111
0110
1000
1000
0110
0101
0110
0101
0110
1101
0110
1101
1000
0110
0110
1101
